PROP
*TURBOFAN ENGINE DATA PREPARRED USING NPSS - Takahashi - 2013
*NORMALIZED TO ~10,000 LB STATIC THRUST AT SEA-LEVEL
*BPR  7 :1 / FPR 1.6 :1 / TIT 2600  OPR 40 :1
* 40.0517206994515 -in fan diameter
* 313.986698356268  lbm/sec airflow at sea-level / static / N1 = 100%
*
NPLA
 5 
NMACH
 11 
NALT
 12 
* MACH  ALT PLA THRUST  TSFC
DATA
 0             0             0.85          531.6         0.479 
 0             0             0.9           2700.2        0.28 
 0             0             0.96          5317.3        0.292 
 0             0             0.98          6383          0.301 
 0             0             1             10000         0.345 
 0             5000          0.85          726.8         0.362 
 0             5000          0.9           2751          0.272 
 0             5000          0.96          5156.6        0.293 
 0             5000          0.98          6175.3        0.304 
 0             5000          1             8860.2        0.347 
 0             10000         0.85          1420          0.275 
 0             10000         0.9           2752.4        0.268 
 0             10000         0.96          4981.1        0.295 
 0             10000         0.98          5475.5        0.303 
 0             10000         1             5969.9        0.311 
 0             15000         0.85          1465.4        0.262 
 0             15000         0.9           2709.5        0.268 
 0             15000         0.96          4807.3        0.301 
 0             15000         0.98          5242.8        0.311 
 0             15000         1             5678.3        0.321 
 0             20000         0.85          1497.5        0.254 
 0             20000         0.9           2635          0.269 
 0             20000         0.96          4583.6        0.312 
 0             20000         0.98          4868.1        0.321 
 0             20000         1             5152.6        0.33 
 0             25000         0.85          1498.3        0.25 
 0             25000         0.9           2534.1        0.27 
 0             25000         0.96          4148          0.321 
 0             25000         0.98          4368.25       0.3335 
 0             25000         1             4588.5        0.346 
 0             30000         0.85          1469.6        0.249 
 0             30000         0.9           2433.6        0.275 
 0             30000         0.96          3673.5        0.337 
 0             30000         0.98          3818.75       0.35 
 0             30000         1             3964          0.363 
 0             35000         0.85          1417.8        0.25 
 0             35000         0.9           2316.3        0.286 
 0             35000         0.96          3220.4        0.361 
 0             35000         0.98          3278.1        0.3665 
 0             35000         1             3335.8        0.372 
 0             40000         0.85          1163.3        0.251 
 0             40000         0.9           1878.9        0.288 
 0             40000         0.96          2597.1        0.366 
 0             40000         0.98          2629.2        0.37 
 0             40000         1             2661.3        0.374 
 0             45000         0.85          914.8         0.251 
 0             45000         0.9           1477.5        0.288 
 0             45000         0.96          2042.4        0.366 
 0             45000         0.98          2067.6        0.37 
 0             45000         1             2092.8        0.374 
 0             50000         0.85          719.4         0.251 
 0             50000         0.9           1161.8        0.288 
 0             50000         0.96          1606.1        0.366 
 0             50000         0.98          1625.9        0.37 
 0             50000         1             1645.7        0.374 
 0             55000         0.85          565.8         0.251 
 0             55000         0.9           913.7         0.288 
 0             55000         0.96          1263          0.366 
 0             55000         0.98          1278.55       0.37 
 0             55000         1             1294.1        0.374 
 0.1           0             0.85          2167.2        0.344 
 0.1           0             0.9           2189.1        0.344 
 0.1           0             0.96          4579.1        0.338 
 0.1           0             0.98          5573          0.345 
 0.1           0             1             9021.7        0.383 
 0.1           5000          0.85          2251.9        0.328 
 0.1           5000          0.9           2274.7        0.328 
 0.1           5000          0.96          4493          0.336 
 0.1           5000          0.98          5442.7        0.344 
 0.1           5000          1             8021.4        0.384 
 0.1           10000         0.85          1119.4        0.348 
 0.1           10000         0.9           2315          0.318 
 0.1           10000         0.96          4383.5        0.335 
 0.1           10000         0.98          4846.5        0.3415 
 0.1           10000         1             5309.5        0.348 
 0.1           15000         0.85          1183.3        0.323 
 0.1           15000         0.9           2314.2        0.313 
 0.1           15000         0.96          4269.7        0.338 
 0.1           15000         0.98          4689.2        0.3475 
 0.1           15000         1             5108.7        0.357 
 0.1           20000         0.85          1236.3        0.306 
 0.1           20000         0.9           2282.8        0.31 
 0.1           20000         0.96          4120.7        0.347 
 0.1           20000         0.98          4395.25       0.356 
 0.1           20000         1             4669.8        0.365 
 0.1           25000         0.85          1261          0.295 
 0.1           25000         0.9           2221.4        0.307 
 0.1           25000         0.96          3757.7        0.354 
 0.1           25000         0.98          3970.85       0.3665 
 0.1           25000         1             4184          0.379 
 0.1           30000         0.85          1258.1        0.29 
 0.1           30000         0.9           2157.4        0.309 
 0.1           30000         0.96          3349.6        0.369 
 0.1           30000         0.98          3492.9        0.383 
 0.1           30000         1             3636.2        0.397 
 0.1           35000         0.85          1232.5        0.287 
 0.1           35000         0.9           2080.2        0.318 
 0.1           35000         0.96          2950.8        0.393 
 0.1           35000         0.98          3010.2        0.3995 
 0.1           35000         1             3069.6        0.406 
 0.1           40000         0.85          1014.2        0.287 
 0.1           40000         0.9           1691.5        0.319 
 0.1           40000         0.96          2383          0.399 
 0.1           40000         0.98          2416.65       0.403 
 0.1           40000         1             2450.3        0.407 
 0.1           45000         0.85          797.6         0.287 
 0.1           45000         0.9           1330.2        0.319 
 0.1           45000         0.96          1873.9        0.399 
 0.1           45000         0.98          1900.35       0.403 
 0.1           45000         1             1926.8        0.407 
 0.1           50000         0.85          627.2         0.287 
 0.1           50000         0.9           1046          0.319 
 0.1           50000         0.96          1473.6        0.399 
 0.1           50000         0.98          1494.4        0.403 
 0.1           50000         1             1515.2        0.407 
 0.1           55000         0.85          493.2         0.287 
 0.1           55000         0.9           822.6         0.319 
 0.1           55000         0.96          1158.8        0.399 
 0.1           55000         0.98          1175.15       0.403 
 0.1           55000         1             1191.5        0.407 
 0.2           0             0.85          217.5         1.144 
 0.2           0             0.9           1792.8        0.414 
 0.2           0             0.96          3968.3        0.387 
 0.2           0             0.98          4897.1        0.389 
 0.2           0             1             8238.7        0.424 
 0.2           5000          0.85          366.3         0.704 
 0.2           5000          0.9           1897.6        0.388 
 0.2           5000          0.96          3941.8        0.38 
 0.2           5000          0.98          4814.9        0.386 
 0.2           5000          1             7348          0.423 
 0.2           10000         0.85          894.4         0.429 
 0.2           10000         0.9           1961.5        0.371 
 0.2           10000         0.96          3873.1        0.376 
 0.2           10000         0.98          4297.75       0.3815 
 0.2           10000         1             4722.4        0.387 
 0.2           15000         0.85          965.5         0.391 
 0.2           15000         0.9           1990.2        0.36 
 0.2           15000         0.96          3797.1        0.376 
 0.2           15000         0.98          4207.8        0.3845 
 0.2           15000         1             4618.5        0.393 
 0.2           20000         0.85          1029.9        0.363 
 0.2           20000         0.9           1989.7        0.352 
 0.2           20000         0.96          3721          0.382 
 0.2           20000         0.98          3991.6        0.391 
 0.2           20000         1             4262.2        0.4 
 0.2           25000         0.85          1937.1        0.347 
 0.2           25000         0.9           1956.6        0.347 
 0.2           25000         0.96          3429.4        0.389 
 0.2           25000         0.98          3636.7        0.401 
 0.2           25000         1             3844          0.413 
 0.2           30000         0.85          1084.1        0.334 
 0.2           30000         0.9           1916.4        0.345 
 0.2           30000         0.96          3078.2        0.402 
 0.2           30000         0.98          3227.1        0.417 
 0.2           30000         1             3376          0.432 
 0.2           35000         0.85          1078.9        0.326 
 0.2           35000         0.9           1875.7        0.35 
 0.2           35000         0.96          2720.5        0.425 
 0.2           35000         0.98          2788.2        0.4325 
 0.2           35000         1             2855.9        0.44 
 0.2           40000         0.85          890           0.325 
 0.2           40000         0.9           1531.6        0.352 
 0.2           40000         0.96          2199.2        0.431 
 0.2           40000         0.98          2240.05       0.4365 
 0.2           40000         1             2280.9        0.442 
 0.2           45000         0.85          699.9         0.325 
 0.2           45000         0.9           1204.4        0.352 
 0.2           45000         0.96          1729.4        0.431 
 0.2           45000         0.98          1761.55       0.4365 
 0.2           45000         1             1793.7        0.442 
 0.2           50000         0.85          550.3         0.325 
 0.2           50000         0.9           947.1         0.352 
 0.2           50000         0.96          1360          0.431 
 0.2           50000         0.98          1385.25       0.4365 
 0.2           50000         1             1410.5        0.442 
 0.2           55000         0.85          432.8         0.325 
 0.2           55000         0.9           744.8         0.352 
 0.2           55000         0.96          1069.4        0.431 
 0.2           55000         0.98          1089.3        0.4365 
 0.2           55000         1             1109.2        0.442 
 0.3           0             0.85          513.4         0.763 
 0.3           0             0.9           1457.7        0.496 
 0.3           0             0.96          3451.5        0.438 
 0.3           0             0.98          4314.7        0.437 
 0.3           0             1             7610.1        0.465 
 0.3           5000          0.85          622.3         0.621 
 0.3           5000          0.9           1578.4        0.456 
 0.3           5000          0.96          3465.9        0.427 
 0.3           5000          0.98          4264.7        0.43 
 0.3           5000          1             6808.1        0.464 
 0.3           10000         0.85          703.1         0.533 
 0.3           10000         0.9           1662.5        0.429 
 0.3           10000         0.96          3427          0.419 
 0.3           10000         0.98          3820.4        0.423 
 0.3           10000         1             4213.8        0.427 
 0.3           15000         0.85          781.1         0.471 
 0.3           15000         0.9           1716.8        0.411 
 0.3           15000         0.96          3384.2        0.415 
 0.3           15000         0.98          3776.3        0.4225 
 0.3           15000         1             4168.4        0.43 
 0.3           20000         0.85          855.2         0.427 
 0.3           20000         0.9           1737.6        0.397 
 0.3           20000         0.96          3351.1        0.418 
 0.3           20000         0.98          3633.7        0.427 
 0.3           20000         1             3916.3        0.436 
 0.3           25000         0.85          906.3         0.399 
 0.3           25000         0.9           1726.8        0.388 
 0.3           25000         0.96          3150          0.424 
 0.3           25000         0.98          3353.4        0.435 
 0.3           25000         1             3556.8        0.446 
 0.3           30000         0.85          937.1         0.38 
 0.3           30000         0.9           1704.1        0.382 
 0.3           30000         0.96          2848.7        0.435 
 0.3           30000         0.98          3007.8        0.451 
 0.3           30000         1             3166.9        0.467 
 0.3           35000         0.85          946.6         0.367 
 0.3           35000         0.9           1686.9        0.384 
 0.3           35000         0.96          2523.4        0.456 
 0.3           35000         0.98          2607.25       0.4655 
 0.3           35000         1             2691.1        0.475 
 0.3           40000         0.85          783.1         0.365 
 0.3           40000         0.9           1388.8        0.385 
 0.3           40000         0.96          2042          0.461 
 0.3           40000         0.98          2095.7        0.4685 
 0.3           40000         1             2149.4        0.476 
 0.3           45000         0.85          615.8         0.365 
 0.3           45000         0.9           1092.1        0.385 
 0.3           45000         0.96          1605.8        0.461 
 0.3           45000         0.98          1648          0.4685 
 0.3           45000         1             1690.2        0.476 
 0.3           50000         0.85          484.3         0.365 
 0.3           50000         0.9           858.8         0.385 
 0.3           50000         0.96          1262.8        0.461 
 0.3           50000         0.98          1295.95       0.4685 
 0.3           50000         1             1329.1        0.476 
 0.3           55000         0.85          380.8         0.365 
 0.3           55000         0.9           675.3         0.385 
 0.3           55000         0.96          993           0.461 
 0.3           55000         0.98          1019.1        0.4685 
 0.3           55000         1             1045.2        0.476 
 0.4           0             0.85          310.2         1.23 
 0.4           0             0.9           1143.3        0.61 
 0.4           0             0.96          2983.4        0.495 
 0.4           0             0.98          3780.5        0.489 
 0.4           0             1             7103.4        0.509 
 0.4           5000          0.85          425.3         0.882 
 0.4           5000          0.9           1281.9        0.543 
 0.4           5000          0.96          3027.5        0.479 
 0.4           5000          0.98          3785.6        0.477 
 0.4           5000          1             6381.3        0.506 
 0.4           10000         0.85          519           0.699 
 0.4           10000         0.9           1390.9        0.499 
 0.4           10000         0.96          3037.7        0.466 
 0.4           10000         0.98          3398.55       0.4675 
 0.4           10000         1             3759.4        0.469 
 0.4           15000         0.85          608.2         0.584 
 0.4           15000         0.9           1469          0.469 
 0.4           15000         0.96          3016.7        0.457 
 0.4           15000         0.98          3379.95       0.462 
 0.4           15000         1             3743.2        0.467 
 0.4           20000         0.85          693.1         0.51 
 0.4           20000         0.9           1509.4        0.448 
 0.4           20000         0.96          3004.2        0.455 
 0.4           20000         0.98          3307.45       0.464 
 0.4           20000         1             3610.7        0.473 
 0.4           25000         0.85          759           0.463 
 0.4           25000         0.9           1524.8        0.432 
 0.4           25000         0.96          2902.5        0.46 
 0.4           25000         0.98          3108.35       0.47 
 0.4           25000         1             3314.2        0.48 
 0.4           30000         0.85          804.3         0.433 
 0.4           30000         0.9           1516.4        0.422 
 0.4           30000         0.96          2654.9        0.467 
 0.4           30000         0.98          2809.25       0.4825 
 0.4           30000         1             2963.6        0.498 
 0.4           35000         0.85          824.5         0.413 
 0.4           35000         0.9           1509.7        0.418 
 0.4           35000         0.96          2361          0.486 
 0.4           35000         0.98          2465.15       0.4975 
 0.4           35000         1             2569.3        0.509 
 0.4           40000         0.85          685.4         0.409 
 0.4           40000         0.9           1249.7        0.418 
 0.4           40000         0.96          1909.2        0.49 
 0.4           40000         0.98          1981          0.5 
 0.4           40000         1             2052.8        0.51 
 0.4           45000         0.85          539           0.409 
 0.4           45000         0.9           982.8         0.418 
 0.4           45000         0.96          1501.4        0.49 
 0.4           45000         0.98          1557.85       0.5 
 0.4           45000         1             1614.3        0.51 
 0.4           50000         0.85          423.8         0.409 
 0.4           50000         0.9           772.8         0.418 
 0.4           50000         0.96          1180.6        0.49 
 0.4           50000         0.98          1225.05       0.5 
 0.4           50000         1             1269.5        0.51 
 0.4           55000         0.85          333.3         0.409 
 0.4           55000         0.9           607.7         0.418 
 0.4           55000         0.96          928.4         0.49 
 0.4           55000         0.98          963.35        0.5 
 0.4           55000         1             998.3         0.51 
 0.5           0             0.85          139.4         2.65 
 0.5           0             0.9           856.5         0.78 
 0.5           0             0.96          2536.1        0.565 
 0.5           0             0.98          2911.95       0.556 
 0.5           0             1             3287.8        0.547 
 0.5           5000          0.85          253           1.425 
 0.5           5000          0.9           998.5         0.666 
 0.5           5000          0.96          2624.8        0.537 
 0.5           5000          0.98          2988.95       0.532 
 0.5           5000          1             3353.1        0.527 
 0.5           10000         0.85          354.7         0.982 
 0.5           10000         0.9           1128.4        0.592 
 0.5           10000         0.96          2682.6        0.516 
 0.5           10000         0.98          3016.25       0.515 
 0.5           10000         1             3349.9        0.514 
 0.5           15000         0.85          450.7         0.754 
 0.5           15000         0.9           1229.2        0.542 
 0.5           15000         0.96          2686.6        0.502 
 0.5           15000         0.98          3013.45       0.5045 
 0.5           15000         1             3340.3        0.507 
 0.5           20000         0.85          538.2         0.628 
 0.5           20000         0.9           1295.8        0.507 
 0.5           20000         0.96          2679.2        0.494 
 0.5           20000         0.98          2997.7        0.5015 
 0.5           20000         1             3316.2        0.509 
 0.5           25000         0.85          616.6         0.549 
 0.5           25000         0.9           1336          0.481 
 0.5           25000         0.96          2663.5        0.495 
 0.5           25000         0.98          2883.85       0.5045 
 0.5           25000         1             3104.2        0.514 
 0.5           30000         0.85          675.4         0.499 
 0.5           30000         0.9           1347.9        0.464 
 0.5           30000         0.96          2486.9        0.5 
 0.5           30000         0.98          2648.15       0.513 
 0.5           30000         1             2809.4        0.526 
 0.5           35000         0.85          711.9         0.464 
 0.5           35000         0.9           1345.1        0.455 
 0.5           35000         0.96          2236.3        0.513 
 0.5           35000         0.98          2359.9        0.528 
 0.5           35000         1             2483.5        0.543 
 0.5           40000         0.85          594.6         0.458 
 0.5           40000         0.9           1114.1        0.454 
 0.5           40000         0.96          1803.2        0.518 
 0.5           40000         0.98          1894.25       0.531 
 0.5           40000         1             1985.3        0.544 
 0.5           45000         0.85          467.6         0.458 
 0.5           45000         0.9           876.1         0.454 
 0.5           45000         0.96          1418          0.518 
 0.5           45000         0.98          1489.6        0.531 
 0.5           45000         1             1561.2        0.544 
 0.5           50000         0.85          367.7         0.458 
 0.5           50000         0.9           688.9         0.454 
 0.5           50000         0.96          1115.1        0.518 
 0.5           50000         0.98          1171.4        0.531 
 0.5           50000         1             1227.7        0.544 
 0.5           55000         0.85          289.1         0.458 
 0.5           55000         0.9           541.8         0.454 
 0.5           55000         0.96          876.9         0.518 
 0.5           55000         0.98          921.15        0.531 
 0.5           55000         1             965.4         0.544 
 0.6           0             0.85          43.7          8.181 
 0.6           0             0.9           610.9         1.043 
 0.6           0             0.96          2104.2        0.655 
 0.6           0             0.98          2460.4        0.636 
 0.6           0             1             2816.6        0.617 
 0.6           5000          0.85          137.7         2.507 
 0.6           5000          0.9           745.6         0.848 
 0.6           5000          0.96          2238.7        0.608 
 0.6           5000          0.98          2580.9        0.5965 
 0.6           5000          1             2923.1        0.585 
 0.6           10000         0.85          229.5         1.452 
 0.6           10000         0.9           878.1         0.724 
 0.6           10000         0.96          2333.1        0.574 
 0.6           10000         0.98          2656.7        0.569 
 0.6           10000         1             2980.3        0.564 
 0.6           15000         0.85          317.3         1.022 
 0.6           15000         0.9           998.4         0.638 
 0.6           15000         0.96          2387.5        0.551 
 0.6           15000         0.98          2685.95       0.551 
 0.6           15000         1             2984.4        0.551 
 0.6           20000         0.85          400.4         0.801 
 0.6           20000         0.9           1090.8        0.58 
 0.6           20000         0.96          2391.7        0.537 
 0.6           20000         0.98          2694.35       0.541 
 0.6           20000         1             2997          0.545 
 0.6           25000         0.85          480.9         0.67 
 0.6           25000         0.9           1153.7        0.539 
 0.6           25000         0.96          2404.1        0.53 
 0.6           25000         0.98          2655.4        0.5385 
 0.6           25000         1             2906.7        0.547 
 0.6           30000         0.85          551.9         0.585 
 0.6           30000         0.9           1194          0.511 
 0.6           30000         0.96          2329.6        0.532 
 0.6           30000         0.98          2501.1        0.5425 
 0.6           30000         1             2672.6        0.553 
 0.6           35000         0.85          603.8         0.528 
 0.6           35000         0.9           1199.2        0.495 
 0.6           35000         0.96          2131.4        0.539 
 0.6           35000         0.98          2262.8        0.555 
 0.6           35000         1             2394.2        0.571 
 0.6           40000         0.85          507.6         0.519 
 0.6           40000         0.9           994.8         0.493 
 0.6           40000         0.96          1725.4        0.542 
 0.6           40000         0.98          1833.35       0.5585 
 0.6           40000         1             1941.3        0.575 
 0.6           45000         0.85          399.1         0.519 
 0.6           45000         0.9           782.3         0.493 
 0.6           45000         0.96          1356.9        0.542 
 0.6           45000         0.98          1441.75       0.5585 
 0.6           45000         1             1526.6        0.575 
 0.6           50000         0.85          313.9         0.519 
 0.6           50000         0.9           615.1         0.493 
 0.6           50000         0.96          1067          0.542 
 0.6           50000         0.98          1133.75       0.5585 
 0.6           50000         1             1200.5        0.575 
 0.6           55000         0.85          246.8         0.519 
 0.6           55000         0.9           483.7         0.493 
 0.6           55000         0.96          839.1         0.542 
 0.6           55000         0.98          891.55        0.5585 
 0.6           55000         1             944           0.575 
 0.7           0             0.85         -32.8         -10.361 
 0.7           0             0.9           409.4         1.483 
 0.7           0             0.96          1697.2        0.772 
 0.7           0             0.98          2034          0.7375 
 0.7           0             1             2370.8        0.703 
 0.7           5000          0.85          48.7          6.705 
 0.7           5000          0.9           531.6         1.127 
 0.7           5000          0.96          1872.5        0.697 
 0.7           5000          0.98          2194.75       0.6755 
 0.7           5000          1             2517          0.654 
 0.7           10000         0.85          129.2         2.449 
 0.7           10000         0.9           652.9         0.918 
 0.7           10000         0.96          2002.4        0.643 
 0.7           10000         0.98          2314.15       0.6315 
 0.7           10000         1             2625.9        0.62 
 0.7           15000         0.85          208.1         1.484 
 0.7           15000         0.9           783.2         0.771 
 0.7           15000         0.96          2097.3        0.607 
 0.7           15000         0.98          2382.65       0.603 
 0.7           15000         1             2668          0.599 
 0.7           20000         0.85          283.6         1.072 
 0.7           20000         0.9           896.3         0.674 
 0.7           20000         0.96          2137.4        0.584 
 0.7           20000         0.98          2410.1        0.584 
 0.7           20000         1             2682.8        0.584 
 0.7           25000         0.85          358.2         0.849 
 0.7           25000         0.9           981           0.609 
 0.7           25000         0.96          2150.2        0.569 
 0.7           25000         0.98          2420.2        0.5745 
 0.7           25000         1             2690.2        0.58 
 0.7           30000         0.85          436.6         0.702 
 0.7           30000         0.9           1041.1        0.565 
 0.7           30000         0.96          2157.6        0.565 
 0.7           30000         0.98          2349.2        0.5735 
 0.7           30000         1             2540.8        0.582 
 0.7           35000         0.85          501.6         0.609 
 0.7           35000         0.9           1070          0.539 
 0.7           35000         0.96          2027.9        0.567 
 0.7           35000         0.98          2166.5        0.58 
 0.7           35000         1             2305.1        0.593 
 0.7           40000         0.85          425.1         0.594 
 0.7           40000         0.9           888.1         0.535 
 0.7           40000         0.96          1647.1        0.568 
 0.7           40000         0.98          1753.3        0.583 
 0.7           40000         1             1859.5        0.598 
 0.7           45000         0.85          334.3         0.594 
 0.7           45000         0.9           698.4         0.535 
 0.7           45000         0.96          1295.3        0.568 
 0.7           45000         0.98          1378.8        0.583 
 0.7           45000         1             1462.3        0.598 
 0.7           50000         0.85          262.9         0.594 
 0.7           50000         0.9           549.2         0.535 
 0.7           50000         0.96          1018.6        0.568 
 0.7           50000         0.98          1084.25       0.583 
 0.7           50000         1             1149.9        0.598 
 0.7           55000         0.85          206.7         0.594 
 0.7           55000         0.9           431.9         0.535 
 0.7           55000         0.96          801           0.568 
 0.7           55000         0.98          852.6         0.583 
 0.7           55000         1             904.2         0.598 
 0.8           0             0.85         -119.6        -2.633 
 0.8           0             0.9           242.2         2.368 
 0.8           0             0.96          1333.4        0.925 
 0.8           0             0.98          1645.35       0.868 
 0.8           0             1             1957.3        0.811 
 0.8           5000          0.85         -36.9         -8.255 
 0.8           5000          0.9           361.8         1.569 
 0.8           5000          0.96          1532.4        0.808 
 0.8           5000          0.98          1835.6        0.772 
 0.8           5000          1             2138.8        0.736 
 0.8           10000         0.85          40.7          7.279 
 0.8           10000         0.9           475.1         1.188 
 0.8           10000         0.96          1693.5        0.727 
 0.8           10000         0.98          1987.95       0.705 
 0.8           10000         1             2282.4        0.683 
 0.8           15000         0.85          116.5         2.497 
 0.8           15000         0.9           596           0.951 
 0.8           15000         0.96          1818.5        0.671 
 0.8           15000         0.98          2101.4        0.66 
 0.8           15000         1             2384.3        0.649 
 0.8           20000         0.85          190.6         1.51 
 0.8           20000         0.9           718.5         0.795 
 0.8           20000         0.96          1907          0.634 
 0.8           20000         0.98          2157.25       0.631 
 0.8           20000         1             2407.5        0.628 
 0.8           25000         0.85          260.6         1.1 
 0.8           25000         0.9           820.5         0.695 
 0.8           25000         0.96          1929          0.612 
 0.8           25000         0.98          2176.85       0.613 
 0.8           25000         1             2424.7        0.614 
 0.8           30000         0.85          335.1         0.86 
 0.8           30000         0.9           897.2         0.628 
 0.8           30000         0.96          1944.9        0.598 
 0.8           30000         0.98          2171.5        0.6055 
 0.8           30000         1             2398.1        0.613 
 0.8           35000         0.85          407.1         0.712 
 0.8           35000         0.9           951.8         0.586 
 0.8           35000         0.96          1917.4        0.597 
 0.8           35000         0.98          2068.3        0.6065 
 0.8           35000         1             2219.2        0.616 
 0.8           40000         0.85          348.9         0.688 
 0.8           40000         0.9           794.3         0.58 
 0.8           40000         0.96          1566          0.597 
 0.8           40000         0.98          1683.1        0.6075 
 0.8           40000         1             1800.2        0.618 
 0.8           45000         0.85          274.3         0.688 
 0.8           45000         0.9           624.6         0.58 
 0.8           45000         0.96          1231.5        0.597 
 0.8           45000         0.98          1323.55       0.6075 
 0.8           45000         1             1415.6        0.618 
 0.8           50000         0.85          215.7         0.688 
 0.8           50000         0.9           491.2         0.58 
 0.8           50000         0.96          968.4         0.597 
 0.8           50000         0.98          1040.8        0.6075 
 0.8           50000         1             1113.2        0.618 
 0.8           55000         0.85          169.6         0.688 
 0.8           55000         0.9           386.2         0.58 
 0.8           55000         0.96          761.5         0.597 
 0.8           55000         0.98          818.45        0.6075 
 0.8           55000         1             875.4         0.618 
 0.9           0             0.85         -206.9        -1.376 
 0.9           0             0.9           104.2         5.141 
 0.9           0             0.96          1031.2        1.119 
 0.9           0             0.98          1310.25       1.0295 
 0.9           0             1             1589.3        0.94 
 0.9           5000          0.85         -117.2        -2.373 
 0.9           5000          0.9           224.2         2.382 
 0.9           5000          0.96          1233.1        0.943 
 0.9           5000          0.98          1516.2        0.887 
 0.9           5000          1             1799.3        0.831 
 0.9           10000         0.85         -35.6         -7.684 
 0.9           10000         0.9           337.5         1.576 
 0.9           10000         0.96          1415.9        0.824 
 0.9           10000         0.98          1689.8        0.7905 
 0.9           10000         1             1963.7        0.757 
 0.9           15000         0.85          41            6.616 
 0.9           15000         0.9           447.8         1.186 
 0.9           15000         0.96          1560.3        0.744 
 0.9           15000         0.98          1825.1        0.725 
 0.9           15000         1             2089.9        0.706 
 0.9           20000         0.85          115           2.349 
 0.9           20000         0.9           564           0.948 
 0.9           20000         0.96          1669.6        0.691 
 0.9           20000         0.98          1917.15       0.683 
 0.9           20000         1             2164.7        0.675 
 0.9           25000         0.85          184.9         1.458 
 0.9           25000         0.9           676.4         0.797 
 0.9           25000         0.96          1733.8        0.658 
 0.9           25000         0.98          1956.45       0.6565 
 0.9           25000         1             2179.1        0.655 
 0.9           30000         0.85          253.3         1.065 
 0.9           30000         0.9           765.3         0.701 
 0.9           30000         0.96          1746.1        0.637 
 0.9           30000         0.98          1972          0.6405 
 0.9           30000         1             2197.9        0.644 
 0.9           35000         0.85          324.6         0.838 
 0.9           35000         0.9           830.8         0.64 
 0.9           35000         0.96          1762.4        0.627 
 0.9           35000         0.98          1941.7        0.6355 
 0.9           35000         1             2121          0.644 
 0.9           40000         0.85          281.5         0.803 
 0.9           40000         0.9           697.9         0.631 
 0.9           40000         0.96          1458.4        0.627 
 0.9           40000         0.98          1593.15       0.636 
 0.9           40000         1             1727.9        0.645 
 0.9           45000         0.85          221.4         0.803 
 0.9           45000         0.9           548.8         0.631 
 0.9           45000         0.96          1146.9        0.627 
 0.9           45000         0.98          1252.85       0.636 
 0.9           45000         1             1358.8        0.645 
 0.9           50000         0.85          174.1         0.803 
 0.9           50000         0.9           431.6         0.631 
 0.9           50000         0.96          901.9         0.627 
 0.9           50000         0.98          985.2         0.636 
 0.9           50000         1             1068.5        0.645 
 0.9           55000         0.85          136.9         0.803 
 0.9           55000         0.9           339.4         0.631 
 0.9           55000         0.96          709.2         0.627 
 0.9           55000         0.98          774.7         0.636 
 0.9           55000         1             840.2         0.645 
 1             0             0.85         -301.3        -0.812 
 1             0             0.9          -17.3         -28.368 
 1             0             0.96          784.8         1.379 
 1             0             0.98          1021.55       1.2425 
 1             0             1             1258.3        1.106 
 1             5000          0.85         -195.8        -1.264 
 1             5000          0.9           105.8         4.683 
 1             5000          0.96          971           1.117 
 1             5000          0.98          1223.7        1.034 
 1             5000          1             1476.4        0.951 
 1             10000         0.85         -106.6        -2.32 
 1             10000         0.9           221.2         2.252 
 1             10000         0.96          1154          0.947 
 1             10000         0.98          1407.85       0.897 
 1             10000         1             1661.7        0.847 
 1             15000         0.85         -25.7         -9.637 
 1             15000         0.9           328.4         1.519 
 1             15000         0.96          1314.4        0.835 
 1             15000         0.98          1559.9        0.8055 
 1             15000         1             1805.4        0.776 
 1             20000         0.85          50            4.999 
 1             20000         0.9           435.3         1.146 
 1             20000         0.96          1439.7        0.76 
 1             20000         0.98          1674.9        0.7445 
 1             20000         1             1910.1        0.729 
 1             25000         0.85          121.1         2.08 
 1             25000         0.9           542.6         0.927 
 1             25000         0.96          1529.4        0.711 
 1             25000         0.98          1744.65       0.706 
 1             25000         1             1959.9        0.701 
 1             30000         0.85          186.5         1.356 
 1             30000         0.9           639.9         0.792 
 1             30000         0.96          1569.9        0.682 
 1             30000         0.98          1769.3        0.682 
 1             30000         1             1968.7        0.682 
 1             35000         0.85          252.8         1.004 
 1             35000         0.9           714.2         0.707 
 1             35000         0.96          1577.6        0.663 
 1             35000         0.98          1777.6        0.669 
 1             35000         1             1977.6        0.675 
 1             40000         0.85          221.3         0.952 
 1             40000         0.9           602.9         0.693 
 1             40000         0.96          1308.9        0.66 
 1             40000         0.98          1470          0.6675 
 1             40000         1             1631.1        0.675 
 1             45000         0.85          174           0.952 
 1             45000         0.9           474.1         0.693 
 1             45000         0.96          1029.3        0.66 
 1             45000         0.98          1155.95       0.6675 
 1             45000         1             1282.6        0.675 
 1             50000         0.85          136.8         0.952 
 1             50000         0.9           372.8         0.693 
 1             50000         0.96          809.4         0.66 
 1             50000         0.98          909           0.6675 
 1             50000         1             1008.6        0.675 
 1             55000         0.85          107.6         0.952 
 1             55000         0.9           293.2         0.693 
 1             55000         0.96          636.5         0.66 
 1             55000         0.98          714.85        0.6675 
 1             55000         1             793.2         0.675 
